103514.216667934 3.1370094736753e-16 3.11703220620986e-16 3.15698674114074e-16
110917.48152624 2.7055209374306e-16 2.68888475170553e-16 2.72215712315568e-16
118850.222743702 2.33326541683612e-16 2.3194224406987e-16 2.34710839297355e-16
127350.308101666 2.01212058463464e-16 2.00061075955872e-16 2.02363040971057e-16
136458.313658893 1.73507721496308e-16 1.72551448960263e-16 1.74463994032354e-16
146217.717445672 1.49608669205241e-16 1.48814735335865e-16 1.50402603074616e-16
156675.107010815 1.28992940594465e-16 1.28334222121026e-16 1.29651659067903e-16
167880.401812256 1.11210117457909e-16 1.1066390671858e-16 1.11756328197239e-16
179887.091512879 9.58715223367237e-17 9.54188247016849e-17 9.63242199717625e-17
192752.491319093 8.26417591492691e-17 8.22667003396255e-17 8.30168179589127e-17
206538.015581053 7.12314125984627e-17 7.09207389807379e-17 7.15420862161874e-17
221309.470960564 6.1390747646285e-17 6.11334051571088e-17 6.16480901354611e-17
237137.370566166 5.29042720811902e-17 5.26910516218727e-17 5.31174925405076e-17
254097.27055493 4.55860439633954e-17 4.54092829569571e-17 4.57628049698336e-17
272270.130807791 3.92756219232073e-17 3.91289532959971e-17 3.94222905504175e-17
291742.701400117 3.38345702604967e-17 3.37127114385221e-17 3.39564290824713e-17
312607.936712396 2.91434428527905e-17 2.90420184852597e-17 2.92448672203212e-17
334965.439157828 2.50991802872804e-17 2.50145733581557e-17 2.5183787216405e-17
358921.934645005 2.16128636145147e-17 2.15420904054601e-17 2.16836368235694e-17
384591.782045353 1.86077758738405e-17 1.85483809249113e-17 1.86671708227697e-17
412097.51909733 1.60177292312733e-17 1.59676970330823e-17 1.60677614294643e-17
441570.447353313 1.3785621344783e-17 1.3743302008817e-17 1.38279406807489e-17
473151.25896148 1.18621895554748e-17 1.18262361640461e-17 1.18981429469035e-17
506990.708274704 1.02049358041306e-17 1.01742515473721e-17 1.02356200608891e-17
543250.331492433 8.7771988845105e-18 8.75089244999703e-18 8.80350531902397e-18
582103.217770872 7.54735384838069e-18 7.52470183400587e-18 7.57000586275551e-18
623734.835482419 6.48812114204067e-18 6.46853650750143e-18 6.50770577657991e-18
668343.917568614 5.57597044027049e-18 5.55897619371941e-18 5.59296468682158e-18
716143.410212902 4.79060620295502e-18 4.77581364201911e-18 4.80539876389093e-18
767361.489361819 4.11452375693034e-18 4.10161466046975e-18 4.12743285339092e-18
822242.649947071 3.53262623946295e-18 3.52133845564339e-18 3.54391402328251e-18
881048.873008014 3.03189406355247e-18 3.02200997764907e-18 3.04177814945587e-18
944060.876285924 2.60109970771579e-18 2.59243711131353e-18 2.60976230411804e-18
1011579.4542599 2.23056161889642e-18 2.22296654637087e-18 2.23815669142197e-18
1083926.9140212 1.91193186807854e-18 1.90527301681136e-18 1.91859071934571e-18
1161448.61384034 1.63801293256667e-18 1.63217733759072e-18 1.64384852754262e-18
1244514.61177138 1.40259961268242e-18 1.39748930068869e-18 1.40770992467615e-18
1333521.43216332 1.20034263760571e-18 1.19587203621717e-18 1.20481323899425e-18
1428893.9585111 1.02663098714025e-18 1.02272491085075e-18 1.03053706342976e-18
1531087.46168203 8.77490363572676e-19 8.74082436677576e-19 8.80898290467777e-19
1640589.77319954 7.49495599378552e-19 7.46527008415837e-19 7.52464190341266e-19
1757923.61395869 6.39695089949939e-19 6.37113584063186e-19 6.42276595836692e-19
1883649.0894898 5.4554560237459e-19 5.43304680369802e-19 5.47786524379378e-19
2018366.36368156 4.6485603727981e-19 4.62914275863746e-19 4.66797798695874e-19
2162718.52372702 3.95738915777738e-19 3.94059405410828e-19 3.97418426144648e-19
2317394.64996848 3.36568531853925e-19 3.35118395614342e-19 3.38018668093507e-19
2483133.10529557 2.85944855787431e-19 2.84694833294785e-19 2.87194878280077e-19
2660725.05979881 2.42662399536606e-19 2.41586482871321e-19 2.43738316201891e-19
2851018.26750391 2.05683363196266e-19 2.04758475305946e-19 2.06608251086585e-19
3054921.11321551 1.74114474981731e-19 1.73320183619523e-19 1.74908766343939e-19
3273406.94878838 1.47187017753383e-19 1.46505279790739e-19 1.47868755716026e-19
3507518.73952568 1.24239604614301e-19 1.23654536786869e-19 1.24824672441734e-19
3758374.04288444 1.04703326105513e-19 1.0420099900745e-19 1.05205653203577e-19
4027170.34325459 8.80889432933059e-20 8.7657195818466e-20 8.85206907681458e-20
4315190.76827765 7.39758457174665e-20 7.36041172308172e-20 7.43475742041157e-20
4623810.2139926 6.2002531720085e-20 6.16817091226261e-20 6.23233543175438e-20
4954501.9080479 5.18584019406864e-20 5.15806786040508e-20 5.21361252773219e-20
5308844.44230988 4.32766854688571e-20 4.30354289514324e-20 4.35179419862818e-20
5688529.30843841 3.60283429149956e-20 3.58179686368948e-20 3.62387171930964e-20
6095368.97240169 2.99168120325559e-20 2.97326608230931e-20 3.01009632420186e-20
6531305.52647472 2.47734799665005e-20 2.46116985802515e-20 2.49352613527495e-20
6998419.96002273 2.04537821142105e-20 2.03112072041094e-20 2.05963570243117e-20
7498942.09332455 1.68338413134274e-20 1.67078885730373e-20 1.69597940538176e-20
8035261.22185617 1.38075729160378e-20 1.36961338045494e-20 1.39190120275261e-20
8609937.52184601 1.12841915248351e-20 1.11855400047802e-20 1.138284304489e-20
9225714.27154764 9.18606398566227e-21 9.09877512011421e-21 9.27335285121034e-21
9885530.94656939 7.44686083192389e-21 7.36974216394771e-21 7.52397949990007e-21
10592537.2517729 6.00996493845772e-21 5.94200060519526e-21 6.07792927172019e-21
11350108.1567232 4.82710180060088e-21 4.76740853592834e-21 4.88679506527342e-21
12161860.0064637 3.85716073586015e-21 3.80495438959683e-21 3.90936708212346e-21
13031667.784523 3.06518051693755e-21 3.01975146583712e-21 3.11060956803797e-21
13963683.6105594 2.42147657846833e-21 2.38217236843841e-21 2.46078078849825e-21
14962356.5609443 1.90089007566347e-21 1.86710374225655e-21 1.93467640907038e-21
16032453.9069004 1.48214178024484e-21 1.45330447915089e-21 1.51097908133879e-21
17179083.8715759 1.14727613738876e-21 1.12285292946242e-21 1.17169934531511e-21
18407720.0146895 8.81182828498383e-22 8.60670673798305e-22 9.01694983198461e-22
19724227.3611485 6.71184933094198e-22 6.54112138957637e-22 6.88257727230758e-22
21134890.3983665 5.06684297352342e-22 4.92610830043619e-22 5.20757764661065e-22
22646443.0759306 3.78856029812849e-22 3.67374237123076e-22 3.90337822502623e-22
24266100.9508242 2.80385184705086e-22 2.71120590514061e-22 2.89649778896112e-22
26001595.6316527 2.0523968410257e-22 1.97851609066828e-22 2.12627759138312e-22
27861211.6862977 1.48474391821325e-22 1.42656230891985e-22 1.54292552750665e-22
29853826.1891796 1.06062001312523e-22 1.01541052128865e-22 1.10582950496181e-22
31988951.096914 7.47470504632554e-23 7.12838395084882e-23 7.82102614180226e-23
34276778.654645 5.19199392948779e-23 4.93070369422995e-23 5.45328416474563e-23
36728230.0498085 3.55083109408113e-23 3.35686633185908e-23 3.74479585630317e-23
39355007.5455777 2.38835691836343e-23 2.24684046758353e-23 2.52987336914333e-23
42169650.3428582 1.57806532142668e-23 1.47670444671884e-23 1.67942619613452e-23
45185594.4374922 1.02294774490836e-23 9.51765577759701e-24 1.09412991205702e-23
48417236.7584099 6.496676365713e-24 6.00720421673201e-24 6.98614851469399e-24
51880003.8928961 4.03647689292845e-24 3.70738544164868e-24 4.36556834420822e-24
55590425.7270404 2.44966011478239e-24 2.23365339647922e-24 2.66566683308557e-24
59566214.352901 1.44967701696595e-24 1.31149194213638e-24 1.58786209179552e-24
63826348.6190549 8.35057661188183e-25 7.49052036427002e-25 9.21063285949365e-25
68391164.7281429 4.67308029114645e-25 4.15327978582607e-25 5.19288079646684e-25
73282453.3138904 2.53532370974472e-25 2.23088308700525e-25 2.83976433248418e-25
78523563.4610072 1.33059100288133e-25 1.15817727013643e-25 1.50300473562622e-25
84139514.1645195 6.73915584049298e-26 5.79721745767559e-26 7.68109422331037e-26
90157113.7605956 3.28557342747358e-26 2.79039879226211e-26 3.78074806268505e-26
96605087.8989813 1.53772118462176e-26 1.28791454725999e-26 1.78752782198352e-26
