103514.216667934 3.18318434516456e-16 3.1631061078557e-16 3.20326258247341e-16
110917.48152624 2.74447546526836e-16 2.72776087005818e-16 2.76119006047853e-16
118850.222743702 2.36611224172303e-16 2.3522086944083e-16 2.38001578903777e-16
127350.308101666 2.0398029562657e-16 2.02824660479188e-16 2.05135930773951e-16
136458.313658893 1.75839452403437e-16 1.74879627844523e-16 1.7679927696235e-16
146217.717445672 1.51571618567666e-16 1.50774990685347e-16 1.52368246449986e-16
156675.107010815 1.30644465302884e-16 1.29983717814105e-16 1.31305212791663e-16
167880.401812256 1.12598776411185e-16 1.12051048703914e-16 1.13146504118456e-16
179887.091512879 9.70384107233465e-17 9.65845874993097e-17 9.74922339473834e-17
192752.491319093 8.36216422582763e-17 8.32457545132922e-17 8.39975300032604e-17
206538.015581053 7.20536890463327e-17 7.17424092109667e-17 7.23649688816987e-17
221309.470960564 6.20802674798996e-17 6.18224841623454e-17 6.23380507974538e-17
237137.370566166 5.34820314424644e-17 5.32684914374156e-17 5.36955714475133e-17
254097.27055493 4.60697747830568e-17 4.58927818936645e-17 4.6246767672449e-17
272270.130807791 3.96802923678552e-17 3.95334541826152e-17 3.98271305530952e-17
291742.701400117 3.41728093187993e-17 3.40508244340189e-17 3.42947942035797e-17
312607.936712396 2.9425900453979e-17 2.93243797720939e-17 2.95274211358641e-17
334965.439157828 2.53348326471728e-17 2.525014934386e-17 2.54195159504856e-17
358921.934645005 2.18092720577757e-17 2.17384356255651e-17 2.18801084899864e-17
384591.782045353 1.8771306149045e-17 1.871185661862e-17 1.883075567947e-17
412097.51909733 1.61537372859938e-17 1.61036563230612e-17 1.62038182489264e-17
441570.447353313 1.38986106344031e-17 1.38562467312312e-17 1.3940974537575e-17
473151.25896148 1.19559441987451e-17 1.19199496414602e-17 1.19919387560301e-17
506990.708274704 1.02826332509964e-17 1.02519109554238e-17 1.0313355546569e-17
543250.331492433 8.84150521071783e-18 8.81516388171496e-18 8.8678465397207e-18
582103.217770872 7.60050432252749e-18 7.57782069885776e-18 7.62318794619723e-18
623734.835482419 6.53198831190665e-18 6.51237550380492e-18 6.55160112000839e-18
668343.917568614 5.61212164605038e-18 5.59510275322465e-18 5.6291405388761e-18
716143.410212902 4.82035213658408e-18 4.80553845628647e-18 4.83516581688169e-18
767361.489361819 4.13895944148255e-18 4.12603265326412e-18 4.15188622970099e-18
822242.649947071 3.55266559418991e-18 3.54136335782249e-18 3.56396783055734e-18
881048.873008014 3.0482990430357e-18 3.03840348535772e-18 3.05819460071367e-18
944060.876285924 2.61450485315689e-18 2.60583345969779e-18 2.623176246616e-18
1011579.4542599 2.24149473179135e-18 2.23389320513452e-18 2.24909625844819e-18
1083926.9140212 1.92083140802567e-18 1.91416810707971e-18 1.92749470897164e-18
1161448.61384034 1.64524264885929e-18 1.63940427869932e-18 1.65108101901927e-18
1244514.61177138 1.40846084117737e-18 1.40334911820493e-18 1.41357256414981e-18
1333521.43216332 1.20508462805064e-18 1.20061369669871e-18 1.20955555940257e-18
1428893.9585111 1.0304595699024e-18 1.0265539928537e-18 1.03436514695111e-18
1531087.46168203 8.80575217027495e-19 8.77168399920541e-19 8.83982034134448e-19
1640589.77319954 7.51976338798679e-19 7.49009282564125e-19 7.54943395033233e-19
1757923.61395869 6.41686364487792e-19 6.39106664274523e-19 6.4426606470106e-19
1883649.0894898 5.47141357722866e-19 5.44902387638704e-19 5.49380327807027e-19
2018366.36368156 4.6613307703133e-19 4.64193315542743e-19 4.68072838519916e-19
2162718.52372702 3.96759873715295e-19 3.95082336409076e-19 3.98437411021514e-19
2317394.64996848 3.37384349809768e-19 3.35936105109179e-19 3.38832594510356e-19
2483133.10529557 2.86596846834126e-19 2.85348596853787e-19 2.87845096814464e-19
2660725.05979881 2.43183963693127e-19 2.4210967725718e-19 2.44258250129075e-19
2851018.26750391 2.06101412204305e-19 2.05178000571427e-19 2.07024823837184e-19
3054921.11321551 1.74450613729422e-19 1.73657642095142e-19 1.75243585363702e-19
3273406.94878838 1.47458522344058e-19 1.4677795196926e-19 1.48139092718857e-19
3507518.73952568 1.24460230681956e-19 1.23876187700565e-19 1.25044273663347e-19
3758374.04288444 1.04883975584265e-19 1.0438254329361e-19 1.0538540787492e-19
4027170.34325459 8.82382133010167e-20 8.78072451210731e-20 8.86691814809603e-20
4315190.76827765 7.41004793829215e-20 7.37294297603489e-20 7.4471529005494e-20
4623810.2139926 6.21077875578197e-20 6.17875579792468e-20 6.24280171363926e-20
4954501.9080479 5.19483556637772e-20 5.16711527653108e-20 5.22255585622435e-20
5308844.44230988 4.33544758481529e-20 4.3113678549872e-20 4.35952731464338e-20
5688529.30843841 3.60963713760372e-20 3.58864042331828e-20 3.63063385188915e-20
6095368.97240169 2.99769040717946e-20 2.97931147563722e-20 3.01606933872169e-20
6531305.52647472 2.48270151181852e-20 2.46655551026852e-20 2.49884751336853e-20
6998419.96002273 2.05017980676958e-20 2.03595069477731e-20 2.06440891876185e-20
7498942.09332455 1.68771168332137e-20 1.67514119298105e-20 1.70028217366169e-20
8035261.22185617 1.38466934244841e-20 1.37354670019035e-20 1.39579198470647e-20
8609937.52184601 1.1319600545601e-20 1.12211270087376e-20 1.14180740824645e-20
9225714.27154764 9.21810309379087e-21 9.13095796525161e-21 9.30524822233014e-21
9885530.94656939 7.47580029655175e-21 7.3987918738766e-21 7.5528087192269e-21
10592537.2517729 6.03602686165006e-21 5.96814050436839e-21 6.10391321893173e-21
11350108.1567232 4.85047723827652e-21 4.79083144941004e-21 4.910123027143e-21
12161860.0064637 3.87802202365648e-21 3.82583497106871e-21 3.93020907624425e-21
13031667.784523 3.08368980626043e-21 3.03825467831955e-21 3.12912493420131e-21
13963683.6105594 2.43779140834248e-21 2.39845896143571e-21 2.47712385524925e-21
14962356.5609443 1.91516665795843e-21 1.88133341849496e-21 1.94899989742191e-21
16032453.9069004 1.49453655398256e-21 1.4656373193754e-21 1.52343578858971e-21
17179083.8715759 1.15794604753107e-21 1.1334495408034e-21 1.18244255425874e-21
18407720.0146895 8.90284701945501e-22 8.69691442278142e-22 9.1087796161286e-22
19724227.3611485 6.78874256257684e-22 6.61715896448237e-22 6.9603261606713e-22
21134890.3983665 5.13113642763158e-22 4.98953187499564e-22 5.27274098026752e-22
22646443.0759306 3.84173331395239e-22 3.7260578672014e-22 3.95740876070338e-22
24266100.9508242 2.84732020598255e-22 2.75385137348798e-22 2.94078903847713e-22
26001595.6316527 2.08749690624553e-22 2.01284556645229e-22 2.16214824603877e-22
27861211.6862977 1.51271901074003e-22 1.45383212459007e-22 1.57160589689e-22
29853826.1891796 1.08260967092182e-22 1.03676871034936e-22 1.12845063149427e-22
31988951.096914 7.64503019597574e-23 7.29317556896304e-23 7.99688482298845e-23
34276778.654645 5.32187792312661e-23 5.05584129446704e-23 5.58791455178619e-23
36728230.0498085 3.64824542948637e-23 3.45029621477193e-23 3.84619464420082e-23
39355007.5455777 2.46014006424448e-23 2.31535133469397e-23 2.60492879379499e-23
42169650.3428582 1.62997664045241e-23 1.5259881882832e-23 1.73396509262162e-23
45185594.4374922 1.05974472018761e-23 9.8650119326973e-24 1.13298824710549e-23
48417236.7584099 6.75200724123137e-24 6.24675015661076e-24 7.25726432585197e-24
51880003.8928961 4.20966721406604e-24 3.86879015400474e-24 4.55054427412734e-24
55590425.7270404 2.56432093174244e-24 2.33974493353701e-24 2.78889692994787e-24
59566214.352901 1.5236495531132e-24 1.37940525974007e-24 1.66789384648634e-24
63826348.6190549 8.81480357370884e-25 7.91314676593068e-25 9.71646038148699e-25
68391164.7281429 4.9559448633364e-25 4.40845873293663e-25 5.50343099373618e-25
73282453.3138904 2.70233227808003e-25 2.38006481722986e-25 3.0245997389302e-25
78523563.4610072 1.42592988061074e-25 1.24243260617392e-25 1.60942715504757e-25
84139514.1645195 7.26415955321792e-26 6.25582999907144e-26 8.27248910736441e-26
90157113.7605956 3.56375717660834e-26 3.03035882398937e-26 4.09715552922731e-26
96605087.8989813 1.67917509646673e-26 1.40827123850861e-26 1.95007895442485e-26
